INFORME DE ESTADOS DE CUENTA ANUALES - Banco XYZ
==============================================================================================================
CUENTA     ANIO        DEPOSITOS        RETIROS        COMPRAS     SALDO NETO     MOVS    EN CERO
--------------------------------------------------------------------------------------------------------------
101        2024         15900.00       21000.00       25700.00       62600.00       47          5
102        2024          2900.00        6000.00       22000.00       30900.00       37          8
103        2024         30200.00       14500.00       21500.00       66200.00       50          5
104        2024          7400.00       11300.00       36400.00       55100.00       44          4
105        2024         12700.00        8900.00       13800.00       35400.00       46          3
106        2024         18000.00       13800.00        6300.00       38100.00       39          6
107        2024         20200.00       26100.00       12900.00       59200.00       47          7
108        2024         13800.00       17700.00       11200.00       42700.00       47         10
109        2024         20800.00       15500.00       13500.00       49800.00       40         10
110        2024         20300.00       25000.00       36900.00       82200.00       61          8
111        2024         14300.00       16700.00       17000.00       48000.00       43          4
112        2024         23800.00        5300.00       12400.00       41500.00       37          3
113        2024         25000.00        3800.00       20700.00       49500.00       37          4
114        2024         14800.00       10500.00       28500.00       53800.00       41          2
115        2024          3900.00       19900.00        7200.00       31000.00       34          1
116        2024         12400.00       14900.00       24900.00       52200.00       37          4
117        2024         22000.00       13300.00       13400.00       48700.00       43          4
118        2024         15700.00       15500.00        3300.00       34500.00       36          5
119        2024         25700.00       12300.00       11200.00       49200.00       48          8
120        2024         16000.00        5900.00       31000.00       52900.00       36          3
--------------------------------------------------------------------------------------------------------------
TOTAL GENERAL -> saldo neto 983500.00 sobre 850 movimientos
